0.33333 0.0030731
0.334 0.0030731
0.33467 0.0030731
0.33533 0.0030731
0.336 0.0030731
0.33667 0.0030731
0.33733 0.0030731
0.338 0.0030731
0.33867 0.0030731
0.33933 0.0030731
0.34 0.0030731
0.34067 0.0030731
0.34133 0.0030731
0.342 0.0030731
0.34267 0.0030731
0.34333 0.0030731
0.344 0.0030731
0.34467 0.0030731
0.34533 0.0030731
0.346 0.0033805
0.34667 0.0036878
0.34733 0.0036878
0.348 0.0036878
0.34867 0.0036878
0.34933 0.0036878
0.35 0.0036878
0.35067 0.0036878
0.35133 0.0036878
0.352 0.0036878
0.35267 0.0036878
0.35333 0.0039951
0.354 0.0039951
0.35467 0.0039951
0.35533 0.0046097
0.356 0.0046097
0.35667 0.0046097
0.35733 0.0046097
0.358 0.0046097
0.35867 0.004917
0.35933 0.004917
0.36 0.0052243
0.36067 0.0052243
0.36133 0.0052243
0.362 0.0052243
0.36267 0.0052243
0.36333 0.0052243
0.364 0.0055317
0.36467 0.0055317
0.36533 0.0055317
0.366 0.0055317
0.36667 0.0055317
0.36733 0.0055317
0.368 0.0055317
0.36867 0.0055317
0.36933 0.0055317
0.37 0.0055317
0.37067 0.0055317
0.37133 0.0055317
0.372 0.0055317
0.37267 0.0055317
0.37333 0.0055317
0.374 0.0055317
0.37467 0.0055317
0.37533 0.0082975
0.376 0.0082975
0.37667 0.0082975
0.37733 0.0082975
0.378 0.0082975
0.37867 0.0086048
0.37933 0.0086048
0.38 0.0089121
0.38067 0.0089121
0.38133 0.0089121
0.382 0.0089121
0.38267 0.0092194
0.38333 0.0092194
0.384 0.0092194
0.38467 0.0092194
0.38533 0.0092194
0.386 0.0092194
0.38667 0.0092194
0.38733 0.0095267
0.388 0.0095267
0.38867 0.0095267
0.38933 0.0098341
0.39 0.0098341
0.39067 0.0098341
0.39133 0.010449
0.392 0.010449
0.39267 0.010449
0.39333 0.010449
0.394 0.010756
0.39467 0.010756
0.39533 0.010756
0.396 0.011063
0.39667 0.011063
0.39733 0.011063
0.398 0.011063
0.39867 0.011063
0.39933 0.011063
0.4 0.016288
0.40067 0.016288
0.40133 0.016288
0.402 0.016595
0.40267 0.016595
0.40333 0.016595
0.404 0.01721
0.40467 0.01721
0.40533 0.01721
0.406 0.01721
0.40667 0.01721
0.40733 0.01721
0.408 0.017824
0.40867 0.017824
0.40933 0.018132
0.41 0.018132
0.41067 0.018132
0.41133 0.018132
0.412 0.019361
0.41267 0.019361
0.41333 0.019361
0.414 0.019361
0.41467 0.019361
0.41533 0.019668
0.416 0.019668
0.41667 0.019668
0.41733 0.021205
0.418 0.021512
0.41867 0.021512
0.41933 0.021512
0.42 0.022127
0.42067 0.022434
0.42133 0.023049
0.422 0.023049
0.42267 0.023356
0.42333 0.02397
0.424 0.024585
0.42467 0.024585
0.42533 0.024585
0.426 0.024892
0.42667 0.024892
0.42733 0.024892
0.428 0.024892
0.42867 0.029502
0.42933 0.029502
0.43 0.029502
0.43067 0.029502
0.43133 0.029502
0.432 0.029502
0.43267 0.030117
0.43333 0.030117
0.434 0.030117
0.43467 0.030117
0.43533 0.031346
0.436 0.031653
0.43667 0.031653
0.43733 0.031653
0.438 0.032883
0.43867 0.032883
0.43933 0.032883
0.44 0.033497
0.44067 0.033497
0.44133 0.033497
0.442 0.033805
0.44267 0.034112
0.44333 0.034112
0.444 0.034112
0.44467 0.039336
0.44533 0.039644
0.446 0.039644
0.44667 0.039951
0.44733 0.040258
0.448 0.040873
0.44867 0.04118
0.44933 0.042102
0.45 0.043024
0.45067 0.043024
0.45133 0.043331
0.452 0.043639
0.45267 0.043946
0.45333 0.043946
0.454 0.043946
0.45467 0.048248
0.45533 0.048248
0.456 0.04917
0.45667 0.049478
0.45733 0.051321
0.458 0.051321
0.45867 0.051936
0.45933 0.051936
0.46 0.051936
0.46067 0.052858
0.46133 0.052858
0.462 0.057468
0.46267 0.057468
0.46333 0.058082
0.464 0.058082
0.46467 0.05839
0.46533 0.05839
0.466 0.05839
0.46667 0.061156
0.46733 0.061463
0.468 0.06177
0.46867 0.062077
0.46933 0.062077
0.47 0.062385
0.47067 0.063614
0.47133 0.063614
0.472 0.063921
0.47267 0.064229
0.47333 0.064229
0.474 0.065151
0.47467 0.066073
0.47533 0.066687
0.476 0.066994
0.47667 0.068531
0.47733 0.069146
0.478 0.069146
0.47867 0.06976
0.47933 0.070068
0.48 0.07099
0.48067 0.071604
0.48133 0.072219
0.482 0.072526
0.48267 0.072526
0.48333 0.072833
0.484 0.074063
0.48467 0.075292
0.48533 0.075599
0.486 0.075907
0.48667 0.076214
0.48733 0.076829
0.488 0.078058
0.48867 0.078365
0.48933 0.079287
0.49 0.079594
0.49067 0.079902
0.49133 0.080209
0.492 0.081131
0.49267 0.081746
0.49333 0.082053
0.494 0.082053
0.49467 0.08236
0.49533 0.08236
0.496 0.082975
0.49667 0.082975
0.49733 0.083282
0.498 0.083282
0.49867 0.083282
0.49933 0.083282
0.5 0.13921
0.50067 0.13921
0.50133 0.13921
0.502 0.13921
0.50267 0.13952
0.50333 0.13952
0.504 0.13952
0.50467 0.13983
0.50533 0.14014
0.506 0.14106
0.50667 0.14136
0.50733 0.14198
0.508 0.1429
0.50867 0.14321
0.50933 0.14474
0.51 0.14505
0.51067 0.14597
0.51133 0.14597
0.512 0.14628
0.51267 0.14659
0.51333 0.1472
0.514 0.14751
0.51467 0.14782
0.51533 0.14935
0.516 0.14935
0.51667 0.15058
0.51733 0.15151
0.518 0.15181
0.51867 0.15243
0.51933 0.15274
0.52 0.15458
0.52067 0.15519
0.52133 0.1555
0.522 0.15642
0.52267 0.15642
0.52333 0.15765
0.524 0.16011
0.52467 0.16042
0.52533 0.16073
0.526 0.16103
0.52667 0.16288
0.52733 0.1638
0.528 0.16411
0.52867 0.16441
0.52933 0.16441
0.53 0.16749
0.53067 0.1681
0.53133 0.16841
0.532 0.16902
0.53267 0.16933
0.53333 0.1721
0.534 0.1724
0.53467 0.17333
0.53533 0.17363
0.536 0.17455
0.53667 0.17517
0.53733 0.1764
0.538 0.1764
0.53867 0.18039
0.53933 0.18132
0.54 0.18132
0.54067 0.18132
0.54133 0.18193
0.542 0.18408
0.54267 0.18408
0.54333 0.18439
0.544 0.18562
0.54467 0.18593
0.54533 0.18654
0.546 0.19238
0.54667 0.19238
0.54733 0.19269
0.548 0.19361
0.54867 0.19392
0.54933 0.19392
0.55 0.19484
0.55067 0.19514
0.55133 0.19514
0.552 0.19637
0.55267 0.1976
0.55333 0.19791
0.554 0.19822
0.55467 0.19914
0.55533 0.20006
0.556 0.20774
0.55667 0.20774
0.55733 0.20774
0.558 0.20836
0.55867 0.20836
0.55933 0.20897
0.56 0.20959
0.56067 0.2099
0.56133 0.21082
0.562 0.21143
0.56267 0.21297
0.56333 0.21328
0.564 0.21389
0.56467 0.21389
0.56533 0.21573
0.566 0.21604
0.56667 0.21696
0.56733 0.21696
0.568 0.21727
0.56867 0.21789
0.56933 0.21911
0.57 0.22034
0.57067 0.22065
0.57133 0.22157
0.572 0.23233
0.57267 0.23264
0.57333 0.23325
0.574 0.23356
0.57467 0.23387
0.57533 0.23417
0.576 0.23479
0.57667 0.2351
0.57733 0.23602
0.578 0.23663
0.57867 0.23694
0.57933 0.23909
0.58 0.24001
0.58067 0.24063
0.58133 0.24093
0.582 0.24216
0.58267 0.24309
0.58333 0.24831
0.584 0.24831
0.58467 0.24923
0.58533 0.24985
0.586 0.25169
0.58667 0.25169
0.58733 0.25261
0.588 0.25292
0.58867 0.25353
0.58933 0.25353
0.59 0.25476
0.59067 0.25507
0.59133 0.2563
0.592 0.25691
0.59267 0.25722
0.59333 0.25753
0.594 0.25784
0.59467 0.25876
0.59533 0.25968
0.596 0.25999
0.59667 0.26091
0.59733 0.26122
0.598 0.26183
0.59867 0.26183
0.59933 0.26245
0.6 0.27873
0.60067 0.27873
0.60133 0.27904
0.602 0.27904
0.60267 0.27904
0.60333 0.27904
0.604 0.27904
0.60467 0.27966
0.60533 0.27996
0.606 0.27996
0.60667 0.28058
0.60733 0.28119
0.608 0.2815
0.60867 0.28181
0.60933 0.28273
0.61 0.28334
0.61067 0.28396
0.61133 0.28488
0.612 0.28488
0.61267 0.28549
0.61333 0.28611
0.614 0.28672
0.61467 0.28672
0.61533 0.28672
0.616 0.29103
0.61667 0.29133
0.61733 0.29164
0.618 0.29256
0.61867 0.29256
0.61933 0.29379
0.62 0.2941
0.62067 0.29441
0.62133 0.29533
0.622 0.29594
0.62267 0.29656
0.62333 0.29687
0.624 0.29717
0.62467 0.29779
0.62533 0.30455
0.626 0.30455
0.62667 0.30486
0.62733 0.30516
0.628 0.30547
0.62867 0.30578
0.62933 0.30608
0.63 0.30639
0.63067 0.3067
0.63133 0.30762
0.632 0.30824
0.63267 0.30885
0.63333 0.31008
0.634 0.31131
0.63467 0.31223
0.63533 0.31223
0.636 0.31315
0.63667 0.31715
0.63733 0.31746
0.638 0.31868
0.63867 0.3193
0.63933 0.32022
0.64 0.32207
0.64067 0.32237
0.64133 0.32299
0.642 0.32391
0.64267 0.32391
0.64333 0.32575
0.644 0.32606
0.64467 0.3276
0.64533 0.32852
0.646 0.32852
0.64667 0.32852
0.64733 0.32975
0.648 0.33067
0.64867 0.33159
0.64933 0.3319
0.65 0.33467
0.65067 0.33467
0.65133 0.33559
0.652 0.33651
0.65267 0.33682
0.65333 0.33743
0.654 0.33927
0.65467 0.3402
0.65533 0.3405
0.656 0.34081
0.65667 0.34143
0.65733 0.34173
0.658 0.34235
0.65867 0.34266
0.65933 0.34388
0.66 0.34419
0.66067 0.34481
0.66133 0.34542
0.662 0.34634
0.66267 0.34665
0.66333 0.34696
0.664 0.34757
0.66467 0.34757
0.66533 0.34788
0.666 0.34788
0.66667 0.39551
0.66733 0.39582
0.668 0.39582
0.66867 0.39613
0.66933 0.39644
0.67 0.39644
0.67067 0.39736
0.67133 0.39736
0.672 0.39797
0.67267 0.39797
0.67333 0.39828
0.674 0.39859
0.67467 0.39951
0.67533 0.40012
0.676 0.40043
0.67667 0.40166
0.67733 0.40166
0.678 0.40258
0.67867 0.4035
0.67933 0.4035
0.68 0.4035
0.68067 0.40627
0.68133 0.40658
0.682 0.40781
0.68267 0.40811
0.68333 0.40842
0.684 0.40904
0.68467 0.41088
0.68533 0.41119
0.686 0.41242
0.68667 0.41334
0.68733 0.41395
0.688 0.41518
0.68867 0.41549
0.68933 0.4161
0.69 0.4161
0.69067 0.41703
0.69133 0.41733
0.692 0.41764
0.69267 0.42041
0.69333 0.42041
0.694 0.42102
0.69467 0.42163
0.69533 0.42194
0.696 0.42348
0.69667 0.42409
0.69733 0.42471
0.698 0.42502
0.69867 0.42563
0.69933 0.42624
0.7 0.43331
0.70067 0.43331
0.70133 0.43362
0.702 0.43362
0.70267 0.43393
0.70333 0.43454
0.704 0.43608
0.70467 0.43639
0.70533 0.43669
0.706 0.43915
0.70667 0.43946
0.70733 0.44007
0.708 0.44038
0.70867 0.4413
0.70933 0.4413
0.71 0.44192
0.71067 0.44253
0.71133 0.44284
0.712 0.44284
0.71267 0.44315
0.71333 0.44376
0.714 0.44438
0.71467 0.45421
0.71533 0.45421
0.716 0.45452
0.71667 0.45482
0.71733 0.45513
0.718 0.45544
0.71867 0.45605
0.71933 0.45636
0.72 0.45728
0.72067 0.45728
0.72133 0.45851
0.722 0.45851
0.72267 0.45974
0.72333 0.46128
0.724 0.46128
0.72467 0.46281
0.72533 0.46312
0.726 0.46343
0.72667 0.46466
0.72733 0.47081
0.728 0.47081
0.72867 0.47081
0.72933 0.47111
0.73 0.47203
0.73067 0.47234
0.73133 0.47419
0.732 0.4748
0.73267 0.47511
0.73333 0.47941
0.734 0.47941
0.73467 0.47941
0.73533 0.47972
0.736 0.48033
0.73667 0.48064
0.73733 0.48125
0.738 0.48125
0.73867 0.48156
0.73933 0.4831
0.74 0.48341
0.74067 0.48402
0.74133 0.48463
0.742 0.48494
0.74267 0.48525
0.74333 0.48648
0.744 0.48709
0.74467 0.4874
0.74533 0.4874
0.746 0.4874
0.74667 0.48771
0.74733 0.48771
0.748 0.48801
0.74867 0.48832
0.74933 0.48832
0.75 0.51752
0.75067 0.51752
0.75133 0.51782
0.752 0.51844
0.75267 0.51875
0.75333 0.51905
0.754 0.51998
0.75467 0.5212
0.75533 0.52151
0.756 0.52151
0.75667 0.52274
0.75733 0.52274
0.758 0.52336
0.75867 0.5252
0.75933 0.5252
0.76 0.52612
0.76067 0.52643
0.76133 0.52674
0.762 0.52827
0.76267 0.52858
0.76333 0.52981
0.764 0.52981
0.76467 0.53012
0.76533 0.53196
0.766 0.53258
0.76667 0.53288
0.76733 0.5338
0.768 0.53442
0.76867 0.53473
0.76933 0.53657
0.77 0.53657
0.77067 0.53688
0.77133 0.53719
0.772 0.53841
0.77267 0.53903
0.77333 0.54026
0.774 0.54087
0.77467 0.5421
0.77533 0.54272
0.776 0.54333
0.77667 0.54395
0.77733 0.54395
0.778 0.54886
0.77867 0.54886
0.77933 0.54917
0.78 0.54917
0.78067 0.54978
0.78133 0.5504
0.782 0.55163
0.78267 0.55255
0.78333 0.55317
0.784 0.55347
0.78467 0.55378
0.78533 0.55378
0.786 0.55747
0.78667 0.55747
0.78733 0.55808
0.788 0.5587
0.78867 0.5587
0.78933 0.559
0.79 0.56023
0.79067 0.56085
0.79133 0.56116
0.792 0.56177
0.79267 0.56177
0.79333 0.56208
0.794 0.56269
0.79467 0.56331
0.79533 0.56423
0.796 0.56515
0.79667 0.56607
0.79733 0.56669
0.798 0.56761
0.79867 0.56761
0.79933 0.56761
0.8 0.56761
0.80067 0.58574
0.80133 0.58574
0.802 0.58605
0.80267 0.58666
0.80333 0.58758
0.804 0.58758
0.80467 0.58758
0.80533 0.58758
0.806 0.58881
0.80667 0.59004
0.80733 0.59035
0.808 0.59066
0.80867 0.59189
0.80933 0.5925
0.81 0.59312
0.81067 0.59373
0.81133 0.59527
0.812 0.59527
0.81267 0.59711
0.81333 0.59711
0.814 0.59742
0.81467 0.59773
0.81533 0.59773
0.816 0.59834
0.81667 0.59865
0.81733 0.59896
0.818 0.59926
0.81867 0.60264
0.81933 0.60264
0.82 0.60295
0.82067 0.60295
0.82133 0.60295
0.822 0.60295
0.82267 0.60326
0.82333 0.60356
0.824 0.60479
0.82467 0.6051
0.82533 0.60541
0.826 0.60572
0.82667 0.60602
0.82733 0.60602
0.828 0.60787
0.82867 0.60817
0.82933 0.60817
0.83 0.60817
0.83067 0.6091
0.83133 0.6091
0.832 0.6091
0.83267 0.6091
0.83333 0.6094
0.834 0.62231
0.83467 0.62262
0.83533 0.62323
0.836 0.62354
0.83667 0.62385
0.83733 0.62446
0.838 0.62508
0.83867 0.62508
0.83933 0.626
0.84 0.62661
0.84067 0.62661
0.84133 0.62692
0.842 0.62723
0.84267 0.62969
0.84333 0.63092
0.844 0.63153
0.84467 0.63215
0.84533 0.63245
0.846 0.63276
0.84667 0.63553
0.84733 0.63583
0.848 0.63583
0.84867 0.63614
0.84933 0.63645
0.85 0.63706
0.85067 0.63706
0.85133 0.63706
0.852 0.63706
0.85267 0.63737
0.85333 0.6386
0.854 0.63891
0.85467 0.63921
0.85533 0.63921
0.856 0.63921
0.85667 0.63983
0.85733 0.65028
0.858 0.65028
0.85867 0.65028
0.85933 0.65058
0.86 0.65058
0.86067 0.65058
0.86133 0.65089
0.862 0.65151
0.86267 0.65212
0.86333 0.65274
0.864 0.65335
0.86467 0.65335
0.86533 0.65396
0.866 0.65427
0.86667 0.65581
0.86733 0.65581
0.868 0.65612
0.86867 0.65612
0.86933 0.65612
0.87 0.65642
0.87067 0.65642
0.87133 0.65642
0.872 0.65734
0.87267 0.65734
0.87333 0.65827
0.874 0.65857
0.87467 0.65857
0.87533 0.66411
0.876 0.66411
0.87667 0.66441
0.87733 0.66533
0.878 0.66564
0.87867 0.66564
0.87933 0.66595
0.88 0.66687
0.88067 0.66687
0.88133 0.66749
0.882 0.66841
0.88267 0.66964
0.88333 0.66994
0.884 0.67025
0.88467 0.67148
0.88533 0.67179
0.886 0.67179
0.88667 0.67179
0.88733 0.6721
0.888 0.6721
0.88867 0.6721
0.88933 0.67701
0.89 0.67732
0.89067 0.67763
0.89133 0.67916
0.892 0.68009
0.89267 0.68009
0.89333 0.68162
0.894 0.68193
0.89467 0.68193
0.89533 0.68377
0.896 0.68408
0.89667 0.6847
0.89733 0.6847
0.898 0.685
0.89867 0.68685
0.89933 0.68746
0.9 0.69238
0.90067 0.69269
0.90133 0.69299
0.902 0.6933
0.90267 0.6933
0.90333 0.69392
0.904 0.69422
0.90467 0.69422
0.90533 0.69576
0.906 0.69607
0.90667 0.69637
0.90733 0.69668
0.908 0.69699
0.90867 0.6973
0.90933 0.7016
0.91 0.70191
0.91067 0.70191
0.91133 0.70252
0.912 0.70344
0.91267 0.70344
0.91333 0.70375
0.914 0.70375
0.91467 0.70467
0.91533 0.70529
0.916 0.70529
0.91667 0.7099
0.91733 0.7099
0.918 0.7099
0.91867 0.7102
0.91933 0.7102
0.92 0.71051
0.92067 0.71082
0.92133 0.71112
0.922 0.71112
0.92267 0.71143
0.92333 0.71358
0.924 0.71389
0.92467 0.7142
0.92533 0.71481
0.926 0.71604
0.92667 0.71604
0.92733 0.71696
0.928 0.71727
0.92867 0.71973
0.92933 0.72004
0.93 0.72065
0.93067 0.72096
0.93133 0.72127
0.932 0.72219
0.93267 0.72219
0.93333 0.72465
0.934 0.72465
0.93467 0.72526
0.93533 0.72526
0.936 0.72588
0.93667 0.72711
0.93733 0.72741
0.938 0.72833
0.93867 0.72895
0.93933 0.72956
0.94 0.73049
0.94067 0.73079
0.94133 0.73202
0.942 0.73202
0.94267 0.73264
0.94333 0.73356
0.944 0.73356
0.94467 0.7354
0.94533 0.7354
0.946 0.73602
0.94667 0.73602
0.94733 0.73602
0.948 0.73909
0.94867 0.7394
0.94933 0.74032
0.95 0.74186
0.95067 0.74216
0.95133 0.74339
0.952 0.74401
0.95267 0.74585
0.95333 0.74585
0.954 0.74585
0.95467 0.74677
0.95533 0.74677
0.956 0.74708
0.95667 0.74831
0.95733 0.74831
0.958 0.74862
0.95867 0.74985
0.95933 0.75015
0.96 0.75108
0.96067 0.75138
0.96133 0.75169
0.962 0.7523
0.96267 0.7523
0.96333 0.75292
0.964 0.75323
0.96467 0.75446
0.96533 0.75446
0.966 0.75538
0.96667 0.7563
0.96733 0.75691
0.968 0.75691
0.96867 0.75691
0.96933 0.75753
0.97 0.75784
0.97067 0.75784
0.97133 0.75814
0.972 0.75845
0.97267 0.75845
0.97333 0.75907
0.974 0.75907
0.97467 0.75907
0.97533 0.75968
0.976 0.75999
0.97667 0.7603
0.97733 0.76091
0.978 0.76091
0.97867 0.76152
0.97933 0.76152
0.98 0.76152
0.98067 0.76152
0.98133 0.76183
0.982 0.76214
0.98267 0.76214
0.98333 0.76245
0.984 0.76275
0.98467 0.76275
0.98533 0.76306
0.986 0.76337
0.98667 0.76337
0.98733 0.76368
0.988 0.76398
0.98867 0.76429
0.98933 0.76429
0.99 0.76429
0.99067 0.76429
0.99133 0.7646
0.992 0.7649
0.99267 0.7649
0.99333 0.7649
0.994 0.7649
0.99467 0.7649
0.99533 0.7649
0.996 0.7649
0.99667 0.7649
0.99733 0.7649
0.998 0.7649
0.99867 0.7649
0.99933 0.7649
1 1
