0.66667 0.0030731
0.667 0.0030731
0.66733 0.0030731
0.66767 0.0030731
0.668 0.0030731
0.66833 0.0030731
0.66867 0.0030731
0.669 0.0030731
0.66933 0.0030731
0.66967 0.0030731
0.67 0.0030731
0.67033 0.0030731
0.67067 0.0030731
0.671 0.0030731
0.67133 0.0030731
0.67167 0.0030731
0.672 0.0030731
0.67233 0.0030731
0.67267 0.0030731
0.673 0.0033805
0.67333 0.0033805
0.67367 0.0033805
0.674 0.0033805
0.67433 0.0033805
0.67467 0.0033805
0.675 0.0033805
0.67533 0.0033805
0.67567 0.0033805
0.676 0.0033805
0.67633 0.0033805
0.67667 0.0033805
0.677 0.0033805
0.67733 0.0033805
0.67767 0.0036878
0.678 0.0036878
0.67833 0.0036878
0.67867 0.0036878
0.679 0.0036878
0.67933 0.0036878
0.67967 0.0036878
0.68 0.0036878
0.68033 0.0039951
0.68067 0.0039951
0.681 0.0039951
0.68133 0.0039951
0.68167 0.0039951
0.682 0.0039951
0.68233 0.0039951
0.68267 0.0039951
0.683 0.0039951
0.68333 0.0039951
0.68367 0.0039951
0.684 0.0039951
0.68433 0.0039951
0.68467 0.0039951
0.685 0.0039951
0.68533 0.0039951
0.68567 0.0039951
0.686 0.0039951
0.68633 0.0043024
0.68667 0.0043024
0.687 0.0043024
0.68733 0.0043024
0.68767 0.0052243
0.688 0.0052243
0.68833 0.0052243
0.68867 0.0052243
0.689 0.0052243
0.68933 0.0052243
0.68967 0.0052243
0.69 0.0052243
0.69033 0.0052243
0.69067 0.0052243
0.691 0.0052243
0.69133 0.0055317
0.69167 0.0055317
0.692 0.0055317
0.69233 0.005839
0.69267 0.005839
0.693 0.005839
0.69333 0.005839
0.69367 0.005839
0.694 0.005839
0.69433 0.005839
0.69467 0.005839
0.695 0.005839
0.69533 0.005839
0.69567 0.0061463
0.696 0.0061463
0.69633 0.0061463
0.69667 0.0061463
0.697 0.0061463
0.69733 0.0061463
0.69767 0.0061463
0.698 0.0061463
0.69833 0.0064536
0.69867 0.0064536
0.699 0.0064536
0.69933 0.0064536
0.69967 0.0064536
0.7 0.0079902
0.70033 0.0079902
0.70067 0.0079902
0.701 0.0079902
0.70133 0.0079902
0.70167 0.0079902
0.702 0.0079902
0.70233 0.0079902
0.70267 0.0079902
0.703 0.0079902
0.70333 0.0079902
0.70367 0.0079902
0.704 0.0079902
0.70433 0.0079902
0.70467 0.0079902
0.705 0.0079902
0.70533 0.0079902
0.70567 0.0079902
0.706 0.0082975
0.70633 0.0082975
0.70667 0.0082975
0.707 0.0082975
0.70733 0.0082975
0.70767 0.0082975
0.708 0.0082975
0.70833 0.0082975
0.70867 0.0086048
0.709 0.0086048
0.70933 0.0086048
0.70967 0.0086048
0.71 0.0089121
0.71033 0.0089121
0.71067 0.0089121
0.711 0.0089121
0.71133 0.0092194
0.71167 0.0092194
0.712 0.0092194
0.71233 0.0092194
0.71267 0.0092194
0.713 0.0092194
0.71333 0.0092194
0.71367 0.0092194
0.714 0.0092194
0.71433 0.0098341
0.71467 0.0098341
0.715 0.0098341
0.71533 0.0098341
0.71567 0.0098341
0.716 0.0098341
0.71633 0.0098341
0.71667 0.0098341
0.717 0.0098341
0.71733 0.0098341
0.71767 0.0098341
0.718 0.0098341
0.71833 0.0098341
0.71867 0.0098341
0.719 0.0098341
0.71933 0.0098341
0.71967 0.0098341
0.72 0.010141
0.72033 0.010141
0.72067 0.010141
0.721 0.010141
0.72133 0.010141
0.72167 0.010141
0.722 0.010141
0.72233 0.010449
0.72267 0.010449
0.723 0.010449
0.72333 0.010449
0.72367 0.010449
0.724 0.010449
0.72433 0.010449
0.72467 0.010449
0.725 0.010449
0.72533 0.010449
0.72567 0.010449
0.726 0.010449
0.72633 0.010449
0.72667 0.010449
0.727 0.010449
0.72733 0.011371
0.72767 0.011371
0.728 0.011371
0.72833 0.011371
0.72867 0.011371
0.729 0.011371
0.72933 0.011371
0.72967 0.011371
0.73 0.011678
0.73033 0.011678
0.73067 0.011678
0.731 0.011985
0.73133 0.011985
0.73167 0.011985
0.732 0.011985
0.73233 0.011985
0.73267 0.011985
0.733 0.011985
0.73333 0.013522
0.73367 0.013522
0.734 0.013522
0.73433 0.013522
0.73467 0.013522
0.735 0.013522
0.73533 0.013829
0.73567 0.013829
0.736 0.014136
0.73633 0.014136
0.73667 0.014136
0.737 0.014444
0.73733 0.014444
0.73767 0.014444
0.738 0.014751
0.73833 0.014751
0.73867 0.014751
0.739 0.014751
0.73933 0.014751
0.73967 0.014751
0.74 0.014751
0.74033 0.014751
0.74067 0.014751
0.741 0.015058
0.74133 0.015058
0.74167 0.015366
0.742 0.01598
0.74233 0.01598
0.74267 0.01598
0.743 0.01598
0.74333 0.01598
0.74367 0.01598
0.744 0.01598
0.74433 0.01598
0.74467 0.01598
0.745 0.016288
0.74533 0.016288
0.74567 0.016595
0.746 0.016595
0.74633 0.016595
0.74667 0.016595
0.747 0.016595
0.74733 0.016595
0.74767 0.016595
0.748 0.016595
0.74833 0.016595
0.74867 0.016595
0.749 0.016595
0.74933 0.016595
0.74967 0.016595
0.75 0.0252
0.75033 0.0252
0.75067 0.0252
0.751 0.0252
0.75133 0.0252
0.75167 0.0252
0.752 0.0252
0.75233 0.0252
0.75267 0.0252
0.753 0.0252
0.75333 0.0252
0.75367 0.0252
0.754 0.0252
0.75433 0.0252
0.75467 0.0252
0.755 0.0252
0.75533 0.0252
0.75567 0.025507
0.756 0.025507
0.75633 0.025507
0.75667 0.025507
0.757 0.025507
0.75733 0.025507
0.75767 0.026429
0.758 0.026429
0.75833 0.026429
0.75867 0.026429
0.759 0.026429
0.75933 0.026429
0.75967 0.026429
0.76 0.027044
0.76033 0.027044
0.76067 0.027044
0.761 0.027044
0.76133 0.027044
0.76167 0.027044
0.762 0.027351
0.76233 0.027351
0.76267 0.027351
0.763 0.027351
0.76333 0.027658
0.76367 0.027658
0.764 0.027658
0.76433 0.027966
0.76467 0.028273
0.765 0.028888
0.76533 0.028888
0.76567 0.028888
0.766 0.028888
0.76633 0.028888
0.76667 0.028888
0.767 0.028888
0.76733 0.028888
0.76767 0.029195
0.768 0.029195
0.76833 0.029195
0.76867 0.029195
0.769 0.029195
0.76933 0.030731
0.76967 0.031039
0.77 0.031346
0.77033 0.031653
0.77067 0.031653
0.771 0.031653
0.77133 0.031653
0.77167 0.031961
0.772 0.031961
0.77233 0.031961
0.77267 0.031961
0.773 0.032883
0.77333 0.032883
0.77367 0.032883
0.774 0.032883
0.77433 0.033497
0.77467 0.033497
0.775 0.033497
0.77533 0.033497
0.77567 0.033805
0.776 0.033805
0.77633 0.033805
0.77667 0.034112
0.777 0.034112
0.77733 0.034112
0.77767 0.034112
0.778 0.039644
0.77833 0.039644
0.77867 0.039644
0.779 0.039644
0.77933 0.039644
0.77967 0.039951
0.78 0.040565
0.78033 0.040565
0.78067 0.040565
0.781 0.040565
0.78133 0.040873
0.78167 0.040873
0.782 0.040873
0.78233 0.040873
0.78267 0.042102
0.783 0.042102
0.78333 0.042102
0.78367 0.042409
0.784 0.042409
0.78433 0.042409
0.78467 0.042717
0.785 0.042717
0.78533 0.042717
0.78567 0.042717
0.786 0.044561
0.78633 0.044561
0.78667 0.044561
0.787 0.044561
0.78733 0.045175
0.78767 0.045482
0.788 0.045482
0.78833 0.045482
0.78867 0.045482
0.789 0.045482
0.78933 0.045482
0.78967 0.047019
0.79 0.047019
0.79033 0.047326
0.79067 0.047326
0.791 0.047326
0.79133 0.047634
0.79167 0.047941
0.792 0.047941
0.79233 0.047941
0.79267 0.047941
0.793 0.047941
0.79333 0.048248
0.79367 0.048556
0.794 0.048556
0.79433 0.048556
0.79467 0.048863
0.795 0.048863
0.79533 0.04917
0.79567 0.04917
0.796 0.049478
0.79633 0.049478
0.79667 0.049785
0.797 0.049785
0.79733 0.049785
0.79767 0.049785
0.798 0.0504
0.79833 0.0504
0.79867 0.050707
0.799 0.050707
0.79933 0.050707
0.79967 0.050707
0.8 0.06177
0.80033 0.06177
0.80067 0.06177
0.801 0.062077
0.80133 0.062077
0.80167 0.062385
0.802 0.062385
0.80233 0.062692
0.80267 0.062999
0.803 0.063307
0.80333 0.063614
0.80367 0.063614
0.804 0.063921
0.80433 0.064229
0.80467 0.064229
0.805 0.064843
0.80533 0.065151
0.80567 0.065458
0.806 0.065458
0.80633 0.065458
0.80667 0.065765
0.807 0.066073
0.80733 0.066687
0.80767 0.066687
0.808 0.068224
0.80833 0.068531
0.80867 0.068531
0.809 0.069146
0.80933 0.06976
0.80967 0.070375
0.81 0.070375
0.81033 0.070375
0.81067 0.07099
0.811 0.07099
0.81133 0.071911
0.81167 0.071911
0.812 0.072219
0.81233 0.072219
0.81267 0.073448
0.813 0.07437
0.81333 0.07437
0.81367 0.074985
0.814 0.074985
0.81433 0.075292
0.81467 0.075292
0.815 0.075599
0.81533 0.075599
0.81567 0.075599
0.816 0.075599
0.81633 0.075599
0.81667 0.075907
0.817 0.075907
0.81733 0.076214
0.81767 0.076214
0.818 0.076521
0.81833 0.079902
0.81867 0.080209
0.819 0.080209
0.81933 0.080516
0.81967 0.080824
0.82 0.081746
0.82033 0.082053
0.82067 0.082667
0.821 0.082667
0.82133 0.082667
0.82167 0.083589
0.822 0.083589
0.82233 0.083589
0.82267 0.083897
0.823 0.084204
0.82333 0.084204
0.82367 0.086048
0.824 0.086663
0.82433 0.08697
0.82467 0.087277
0.825 0.087892
0.82533 0.087892
0.82567 0.088506
0.826 0.088506
0.82633 0.090043
0.82667 0.090658
0.827 0.091272
0.82733 0.091272
0.82767 0.091272
0.828 0.09158
0.82833 0.092502
0.82867 0.093116
0.829 0.094038
0.82933 0.095267
0.82967 0.095575
0.83 0.095882
0.83033 0.095882
0.83067 0.096189
0.831 0.096497
0.83133 0.096804
0.83167 0.096804
0.832 0.097111
0.83233 0.097111
0.83267 0.097111
0.833 0.097726
0.83333 0.098033
0.83367 0.11033
0.834 0.11033
0.83433 0.11063
0.83467 0.11125
0.835 0.11217
0.83533 0.11217
0.83567 0.11217
0.836 0.11248
0.83633 0.11278
0.83667 0.11371
0.837 0.11371
0.83733 0.11432
0.83767 0.11432
0.838 0.11494
0.83833 0.11524
0.83867 0.11555
0.839 0.11647
0.83933 0.11647
0.83967 0.11647
0.84 0.11832
0.84033 0.11862
0.84067 0.11924
0.841 0.11985
0.84133 0.11985
0.84167 0.12016
0.842 0.12047
0.84233 0.1217
0.84267 0.122
0.843 0.12262
0.84333 0.12323
0.84367 0.12354
0.844 0.12415
0.84433 0.12446
0.84467 0.12477
0.845 0.12508
0.84533 0.12569
0.84567 0.126
0.846 0.126
0.84633 0.13184
0.84667 0.13245
0.847 0.13276
0.84733 0.13337
0.84767 0.13368
0.848 0.1343
0.84833 0.1343
0.84867 0.13614
0.849 0.13614
0.84933 0.13614
0.84967 0.13614
0.85 0.13798
0.85033 0.13798
0.85067 0.13798
0.851 0.13829
0.85133 0.1386
0.85167 0.13891
0.852 0.13983
0.85233 0.14106
0.85267 0.14106
0.853 0.14167
0.85333 0.14167
0.85367 0.1429
0.854 0.1429
0.85433 0.14382
0.85467 0.14413
0.855 0.14444
0.85533 0.14444
0.85567 0.14505
0.856 0.14536
0.85633 0.14567
0.85667 0.14597
0.857 0.14659
0.85733 0.15919
0.85767 0.15919
0.858 0.1598
0.85833 0.1598
0.85867 0.16011
0.859 0.16073
0.85933 0.16134
0.85967 0.16226
0.86 0.16226
0.86033 0.16226
0.86067 0.16318
0.861 0.16318
0.86133 0.16349
0.86167 0.16349
0.862 0.1638
0.86233 0.16472
0.86267 0.16472
0.863 0.16503
0.86333 0.16564
0.86367 0.1681
0.864 0.1681
0.86433 0.1681
0.86467 0.16933
0.865 0.16994
0.86533 0.17025
0.86567 0.17056
0.866 0.17087
0.86633 0.17117
0.86667 0.17333
0.867 0.17333
0.86733 0.17363
0.86767 0.17394
0.868 0.17455
0.86833 0.17517
0.86867 0.1764
0.869 0.17732
0.86933 0.17732
0.86967 0.17824
0.87 0.17855
0.87033 0.17916
0.87067 0.17978
0.871 0.18009
0.87133 0.18009
0.87167 0.18039
0.872 0.1807
0.87233 0.18132
0.87267 0.18162
0.873 0.18193
0.87333 0.18224
0.87367 0.18254
0.874 0.18254
0.87433 0.18285
0.87467 0.18408
0.875 0.19668
0.87533 0.19699
0.87567 0.1973
0.876 0.19791
0.87633 0.19852
0.87667 0.19883
0.877 0.19975
0.87733 0.20006
0.87767 0.20037
0.878 0.20068
0.87833 0.20191
0.87867 0.20221
0.879 0.20436
0.87933 0.20498
0.87967 0.20621
0.88 0.20836
0.88033 0.20867
0.88067 0.20897
0.881 0.21051
0.88133 0.21082
0.88167 0.21174
0.882 0.21205
0.88233 0.21205
0.88267 0.21481
0.883 0.21481
0.88333 0.21481
0.88367 0.21481
0.884 0.21573
0.88433 0.21604
0.88467 0.21911
0.885 0.21942
0.88533 0.22034
0.88567 0.22065
0.886 0.22188
0.88633 0.22188
0.88667 0.22372
0.887 0.22403
0.88733 0.22526
0.88767 0.22557
0.888 0.22557
0.88833 0.22618
0.88867 0.22618
0.889 0.23479
0.88933 0.23479
0.88967 0.2351
0.89 0.2354
0.89033 0.23602
0.89067 0.23602
0.891 0.23663
0.89133 0.23755
0.89167 0.23755
0.892 0.23909
0.89233 0.24032
0.89267 0.24124
0.893 0.24247
0.89333 0.24278
0.89367 0.24339
0.894 0.2437
0.89433 0.24401
0.89467 0.24431
0.895 0.24647
0.89533 0.24708
0.89567 0.24739
0.896 0.24739
0.89633 0.24831
0.89667 0.24923
0.897 0.25015
0.89733 0.25046
0.89767 0.25169
0.898 0.25261
0.89833 0.25292
0.89867 0.25323
0.899 0.25446
0.89933 0.25538
0.89967 0.25569
0.9 0.26521
0.90033 0.26552
0.90067 0.26552
0.901 0.26583
0.90133 0.26583
0.90167 0.26644
0.902 0.26644
0.90233 0.26675
0.90267 0.26798
0.903 0.2689
0.90333 0.27013
0.90367 0.27013
0.904 0.27074
0.90433 0.27105
0.90467 0.27105
0.905 0.27474
0.90533 0.27474
0.90567 0.27505
0.906 0.27505
0.90633 0.27566
0.90667 0.27566
0.907 0.27658
0.90733 0.27658
0.90767 0.27873
0.908 0.27996
0.90833 0.28027
0.90867 0.28089
0.909 0.28119
0.90933 0.2898
0.90967 0.29041
0.91 0.29072
0.91033 0.29103
0.91067 0.29164
0.911 0.29195
0.91133 0.29287
0.91167 0.29318
0.912 0.29441
0.91233 0.29533
0.91267 0.29625
0.913 0.29717
0.91333 0.29932
0.91367 0.29994
0.914 0.30025
0.91433 0.30117
0.91467 0.30117
0.915 0.30178
0.91533 0.3024
0.91567 0.30332
0.916 0.30332
0.91633 0.30363
0.91667 0.311
0.917 0.31131
0.91733 0.31192
0.91767 0.31192
0.918 0.31223
0.91833 0.31254
0.91867 0.31346
0.919 0.31377
0.91933 0.31407
0.91967 0.31438
0.92 0.31438
0.92033 0.31653
0.92067 0.31746
0.921 0.31776
0.92133 0.31838
0.92167 0.31899
0.922 0.31961
0.92233 0.32022
0.92267 0.32084
0.923 0.32084
0.92333 0.32575
0.92367 0.32606
0.924 0.32606
0.92433 0.32606
0.92467 0.32606
0.925 0.32667
0.92533 0.32698
0.92567 0.32698
0.926 0.3276
0.92633 0.3276
0.92667 0.32821
0.927 0.32975
0.92733 0.33006
0.92767 0.33067
0.928 0.33098
0.92833 0.33128
0.92867 0.3405
0.929 0.34081
0.92933 0.34081
0.92967 0.34143
0.93 0.34173
0.93033 0.34296
0.93067 0.34327
0.931 0.34388
0.93133 0.34604
0.93167 0.34604
0.932 0.34757
0.93233 0.34788
0.93267 0.34788
0.933 0.34788
0.93333 0.3528
0.93367 0.3528
0.934 0.35341
0.93433 0.35372
0.93467 0.35372
0.935 0.35495
0.93533 0.35495
0.93567 0.3571
0.936 0.35833
0.93633 0.35925
0.93667 0.35986
0.937 0.35986
0.93733 0.35986
0.93767 0.36663
0.938 0.36693
0.93833 0.36724
0.93867 0.36785
0.939 0.36878
0.93933 0.36939
0.93967 0.37308
0.94 0.37339
0.94033 0.37369
0.94067 0.37369
0.941 0.374
0.94133 0.3783
0.94167 0.37953
0.942 0.38015
0.94233 0.38015
0.94267 0.38015
0.943 0.38199
0.94333 0.38261
0.94367 0.38322
0.944 0.38353
0.94433 0.38353
0.94467 0.38629
0.945 0.38629
0.94533 0.38629
0.94567 0.3866
0.946 0.38814
0.94633 0.38814
0.94667 0.38844
0.947 0.38875
0.94733 0.38906
0.94767 0.39336
0.948 0.39367
0.94833 0.39367
0.94867 0.39367
0.949 0.39551
0.94933 0.39582
0.94967 0.39582
0.95 0.39889
0.95033 0.39889
0.95067 0.39982
0.951 0.40166
0.95133 0.40227
0.95167 0.40258
0.952 0.40289
0.95233 0.40289
0.95267 0.40535
0.953 0.40535
0.95333 0.40596
0.95367 0.40596
0.954 0.40627
0.95433 0.40719
0.95467 0.40842
0.955 0.40873
0.95533 0.40934
0.95567 0.41088
0.956 0.41119
0.95633 0.41149
0.95667 0.41303
0.957 0.41334
0.95733 0.41334
0.95767 0.41549
0.958 0.4158
0.95833 0.41856
0.95867 0.41856
0.959 0.41979
0.95933 0.42041
0.95967 0.42133
0.96 0.4244
0.96033 0.4244
0.96067 0.42471
0.961 0.42563
0.96133 0.42563
0.96167 0.4284
0.962 0.4287
0.96233 0.42901
0.96267 0.42932
0.963 0.43147
0.96333 0.43147
0.96367 0.43208
0.964 0.43208
0.96433 0.43331
0.96467 0.43331
0.965 0.43454
0.96533 0.43485
0.96567 0.43854
0.966 0.43884
0.96633 0.44069
0.96667 0.44376
0.967 0.44376
0.96733 0.4453
0.96767 0.4453
0.968 0.44653
0.96833 0.44776
0.96867 0.44776
0.969 0.44899
0.96933 0.44929
0.96967 0.45022
0.97 0.45298
0.97033 0.4536
0.97067 0.45544
0.971 0.45575
0.97133 0.45636
0.97167 0.45851
0.972 0.45882
0.97233 0.46097
0.97267 0.46159
0.973 0.46343
0.97333 0.46435
0.97367 0.46435
0.974 0.4665
0.97433 0.46712
0.97467 0.46865
0.975 0.46988
0.97533 0.46988
0.97567 0.47142
0.976 0.47173
0.97633 0.47234
0.97667 0.47296
0.977 0.47419
0.97733 0.47541
0.97767 0.47572
0.978 0.47757
0.97833 0.4791
0.97867 0.47941
0.979 0.48064
0.97933 0.48095
0.97967 0.48156
0.98 0.48279
0.98033 0.4831
0.98067 0.48433
0.981 0.48556
0.98133 0.48586
0.98167 0.48648
0.982 0.48863
0.98233 0.49017
0.98267 0.49017
0.983 0.49109
0.98333 0.49293
0.98367 0.49385
0.984 0.49447
0.98433 0.4957
0.98467 0.49723
0.985 0.49785
0.98533 0.49816
0.98567 0.49877
0.986 0.49908
0.98633 0.49939
0.98667 0.5
0.987 0.50031
0.98733 0.50123
0.98767 0.50154
0.988 0.50215
0.98833 0.50246
0.98867 0.50338
0.989 0.504
0.98933 0.50492
0.98967 0.50553
0.99 0.50553
0.99033 0.50645
0.99067 0.50676
0.991 0.50707
0.99133 0.50707
0.99167 0.50707
0.992 0.50738
0.99233 0.50799
0.99267 0.50799
0.993 0.50799
0.99333 0.50799
0.99367 0.5083
0.994 0.5083
0.99433 0.5086
0.99467 0.5086
0.995 0.5086
0.99533 0.5086
0.99567 0.5086
0.996 0.5086
0.99633 0.50891
0.99667 0.50891
0.997 0.50922
0.99733 0.50953
0.99767 0.50953
0.998 0.50953
0.99833 0.50953
0.99867 0.50953
0.999 0.50953
0.99933 0.50953
0.99967 0.50953
1 1
