0 0.2351
0.001585 0.2351
0.0031699 0.2351
0.0047549 0.2351
0.0063399 0.2351
0.0079248 0.2351
0.0095098 0.2351
0.011095 0.2351
0.01268 0.2351
0.014265 0.2351
0.01585 0.2351
0.017435 0.2351
0.01902 0.2351
0.020605 0.2351
0.022189 0.2351
0.023774 0.2351
0.025359 0.2351
0.026944 0.2351
0.028529 0.2351
0.030114 0.2351
0.031699 0.2351
0.033284 0.2351
0.034869 0.2351
0.036454 0.2351
0.038039 0.2351
0.039624 0.2351
0.041209 0.2351
0.042794 0.2351
0.044379 0.2351
0.045964 0.2351
0.047549 0.2351
0.049134 0.2351
0.050719 0.2351
0.052304 0.2351
0.053889 0.2351
0.055474 0.2351
0.057059 0.2351
0.058644 0.2351
0.060229 0.2351
0.061814 0.2351
0.063399 0.2351
0.064983 0.2351
0.066568 0.2351
0.068153 0.2351
0.069738 0.2351
0.071323 0.2351
0.072908 0.2354
0.074493 0.2354
0.076078 0.2354
0.077663 0.2354
0.079248 0.2354
0.080833 0.23571
0.082418 0.23571
0.084003 0.23571
0.085588 0.23571
0.087173 0.23571
0.088758 0.23571
0.090343 0.23571
0.091928 0.23602
0.093513 0.23602
0.095098 0.23632
0.096683 0.23632
0.098268 0.23632
0.099853 0.23663
0.10144 0.23663
0.10302 0.23663
0.10461 0.23663
0.10619 0.23663
0.10778 0.23694
0.10936 0.23694
0.11095 0.23694
0.11253 0.23725
0.11412 0.23725
0.1157 0.23725
0.11729 0.23725
0.11887 0.23725
0.12046 0.23725
0.12204 0.23755
0.12363 0.23786
0.12521 0.23786
0.1268 0.23786
0.12838 0.23786
0.12997 0.23786
0.13155 0.23786
0.13314 0.23786
0.13472 0.23786
0.13631 0.23817
0.13789 0.23817
0.13948 0.23817
0.14106 0.23817
0.14265 0.23817
0.14423 0.23817
0.14582 0.23817
0.1474 0.23817
0.14899 0.23817
0.15057 0.23878
0.15216 0.23878
0.15374 0.23909
0.15533 0.23909
0.15691 0.2394
0.1585 0.2394
0.16008 0.2394
0.16167 0.2394
0.16325 0.2397
0.16484 0.2397
0.16642 0.24001
0.16801 0.24001
0.16959 0.24063
0.17118 0.24063
0.17276 0.24063
0.17435 0.24063
0.17593 0.24093
0.17752 0.24093
0.1791 0.24093
0.18069 0.24124
0.18227 0.24124
0.18386 0.24124
0.18544 0.24124
0.18703 0.24124
0.18861 0.24155
0.1902 0.24155
0.19178 0.24155
0.19337 0.24155
0.19495 0.24155
0.19654 0.24186
0.19812 0.24186
0.19971 0.24186
0.20129 0.24186
0.20288 0.24186
0.20446 0.24216
0.20605 0.24216
0.20763 0.24216
0.20922 0.24247
0.2108 0.24247
0.21238 0.24339
0.21397 0.24339
0.21555 0.24339
0.21714 0.24431
0.21872 0.24462
0.22031 0.24462
0.22189 0.24462
0.22348 0.24554
0.22506 0.24585
0.22665 0.24585
0.22823 0.24616
0.22982 0.24708
0.2314 0.24708
0.23299 0.24708
0.23457 0.24708
0.23616 0.2477
0.23774 0.2477
0.23933 0.2477
0.24091 0.248
0.2425 0.24892
0.24408 0.24892
0.24567 0.24892
0.24725 0.24923
0.24884 0.24923
0.25042 0.25015
0.25201 0.25015
0.25359 0.25015
0.25518 0.25046
0.25676 0.25046
0.25835 0.252
0.25993 0.252
0.26152 0.252
0.2631 0.2523
0.26469 0.2523
0.26627 0.2523
0.26786 0.25323
0.26944 0.25323
0.27103 0.25323
0.27261 0.25323
0.2742 0.25323
0.27578 0.25323
0.27737 0.25415
0.27895 0.25446
0.28054 0.25476
0.28212 0.25507
0.28371 0.25569
0.28529 0.25569
0.28688 0.25691
0.28846 0.25691
0.29005 0.25722
0.29163 0.25722
0.29322 0.25722
0.2948 0.25753
0.29639 0.25753
0.29797 0.25968
0.29956 0.25968
0.30114 0.25968
0.30273 0.25968
0.30431 0.2603
0.3059 0.2603
0.30748 0.2603
0.30907 0.2603
0.31065 0.26214
0.31224 0.26245
0.31382 0.26245
0.31541 0.26245
0.31699 0.26306
0.31858 0.26337
0.32016 0.26429
0.32175 0.2646
0.32333 0.26583
0.32492 0.26583
0.3265 0.26583
0.32809 0.26644
0.32967 0.26644
0.33126 0.26767
0.33284 0.26798
0.33443 0.26798
0.33601 0.26798
0.3376 0.26859
0.33918 0.2689
0.34077 0.26921
0.34235 0.26951
0.34394 0.27044
0.34552 0.27074
0.34711 0.27074
0.34869 0.27105
0.35028 0.27197
0.35186 0.27197
0.35345 0.27443
0.35503 0.27443
0.35662 0.27443
0.3582 0.27474
0.35979 0.27505
0.36137 0.27505
0.36296 0.27505
0.36454 0.27505
0.36613 0.27535
0.36771 0.27566
0.3693 0.27566
0.37088 0.27566
0.37247 0.27812
0.37405 0.27873
0.37564 0.27873
0.37722 0.27904
0.37881 0.27935
0.38039 0.27935
0.38198 0.27996
0.38356 0.28027
0.38515 0.28058
0.38673 0.28058
0.38832 0.28089
0.3899 0.28119
0.39149 0.28211
0.39307 0.28211
0.39466 0.28242
0.39624 0.28242
0.39783 0.28273
0.39941 0.28273
0.401 0.28304
0.40258 0.28334
0.40417 0.28334
0.40575 0.28334
0.40734 0.28334
0.40892 0.28334
0.41051 0.28334
0.41209 0.28334
0.41368 0.28334
0.41526 0.28795
0.41685 0.28795
0.41843 0.28857
0.42002 0.28888
0.4216 0.28918
0.42318 0.2901
0.42477 0.29041
0.42635 0.29041
0.42794 0.29103
0.42952 0.29103
0.43111 0.29164
0.43269 0.29164
0.43428 0.29164
0.43586 0.29195
0.43745 0.29256
0.43903 0.29256
0.44062 0.29656
0.4422 0.29656
0.44379 0.29656
0.44537 0.29656
0.44696 0.29717
0.44854 0.29717
0.45013 0.29748
0.45171 0.29748
0.4533 0.29809
0.45488 0.29871
0.45647 0.29932
0.45805 0.29932
0.45964 0.29963
0.46122 0.29963
0.46281 0.29963
0.46439 0.29963
0.46598 0.29994
0.46756 0.29994
0.46915 0.30455
0.47073 0.30486
0.47232 0.30486
0.4739 0.30486
0.47549 0.30547
0.47707 0.30547
0.47866 0.30547
0.48024 0.30578
0.48183 0.30578
0.48341 0.30578
0.485 0.30578
0.48658 0.3067
0.48817 0.30701
0.48975 0.30731
0.49134 0.30793
0.49292 0.30793
0.49451 0.30885
0.49609 0.30916
0.49768 0.30947
0.49926 0.30947
0.50085 0.30947
0.50243 0.30947
0.50402 0.31285
0.5056 0.31315
0.50719 0.31346
0.50877 0.31346
0.51036 0.31377
0.51194 0.31438
0.51353 0.31469
0.51511 0.315
0.5167 0.31561
0.51828 0.31561
0.51987 0.31561
0.52145 0.31561
0.52304 0.31684
0.52462 0.31684
0.52621 0.31715
0.52779 0.31746
0.52938 0.31776
0.53096 0.31807
0.53255 0.31807
0.53413 0.31807
0.53572 0.31838
0.5373 0.31838
0.53889 0.31899
0.54047 0.31961
0.54206 0.31991
0.54364 0.32452
0.54523 0.32483
0.54681 0.32483
0.5484 0.32545
0.54998 0.32667
0.55157 0.32667
0.55315 0.32667
0.55474 0.32667
0.55632 0.32698
0.55791 0.32698
0.55949 0.32729
0.56108 0.3279
0.56266 0.32821
0.56425 0.32821
0.56583 0.32883
0.56742 0.32944
0.569 0.33036
0.57059 0.33098
0.57217 0.33098
0.57376 0.33128
0.57534 0.33159
0.57693 0.3319
0.57851 0.33221
0.5801 0.33221
0.58168 0.33251
0.58327 0.33313
0.58485 0.33313
0.58644 0.33313
0.58802 0.33313
0.58961 0.33344
0.59119 0.33436
0.59278 0.34204
0.59436 0.34235
0.59595 0.34235
0.59753 0.34266
0.59912 0.34266
0.6007 0.34327
0.60229 0.34327
0.60387 0.34419
0.60546 0.34542
0.60704 0.34542
0.60863 0.34573
0.61021 0.34573
0.6118 0.34604
0.61338 0.34634
0.61497 0.34665
0.61655 0.34665
0.61814 0.34726
0.61972 0.34849
0.62131 0.34849
0.62289 0.3488
0.62448 0.34911
0.62606 0.34942
0.62765 0.35003
0.62923 0.35065
0.63082 0.35157
0.6324 0.35157
0.63399 0.35218
0.63557 0.35249
0.63715 0.35249
0.63874 0.35249
0.64032 0.3531
0.64191 0.3531
0.64349 0.3531
0.64508 0.35372
0.64666 0.35372
0.64825 0.35372
0.64983 0.35403
0.65142 0.36509
0.653 0.3657
0.65459 0.36632
0.65617 0.36632
0.65776 0.36632
0.65934 0.36724
0.66093 0.36724
0.66251 0.36724
0.6641 0.36785
0.66568 0.36816
0.66727 0.36847
0.66885 0.36908
0.67044 0.3697
0.67202 0.3697
0.67361 0.3697
0.67519 0.37062
0.67678 0.37062
0.67836 0.37093
0.67995 0.37124
0.68153 0.37154
0.68312 0.37154
0.6847 0.37308
0.68629 0.37339
0.68787 0.37339
0.68946 0.37339
0.69104 0.37339
0.69263 0.37369
0.69421 0.37369
0.6958 0.374
0.69738 0.37431
0.69897 0.37431
0.70055 0.37523
0.70214 0.37523
0.70372 0.37615
0.70531 0.37615
0.70689 0.37646
0.70848 0.37646
0.71006 0.37677
0.71165 0.37677
0.71323 0.37738
0.71482 0.37769
0.7164 0.3783
0.71799 0.37923
0.71957 0.37923
0.72116 0.37923
0.72274 0.39459
0.72433 0.3949
0.72591 0.3949
0.7275 0.3949
0.72908 0.39521
0.73067 0.39613
0.73225 0.39644
0.73384 0.39705
0.73542 0.39859
0.73701 0.39951
0.73859 0.39951
0.74018 0.39951
0.74176 0.39982
0.74335 0.40043
0.74493 0.40104
0.74652 0.40166
0.7481 0.40258
0.74969 0.40473
0.75127 0.40504
0.75286 0.40565
0.75444 0.40658
0.75603 0.40688
0.75761 0.40688
0.7592 0.40719
0.76078 0.4075
0.76237 0.4075
0.76395 0.4075
0.76554 0.41057
0.76712 0.41057
0.76871 0.41057
0.77029 0.41119
0.77188 0.41149
0.77346 0.41303
0.77505 0.41457
0.77663 0.41487
0.77822 0.41518
0.7798 0.41641
0.78139 0.41672
0.78297 0.41703
0.78456 0.41703
0.78614 0.41733
0.78773 0.41887
0.78931 0.41918
0.7909 0.41948
0.79248 0.41979
0.79407 0.42163
0.79565 0.42163
0.79724 0.42163
0.79882 0.42256
0.80041 0.42286
0.80199 0.42317
0.80358 0.42348
0.80516 0.42379
0.80675 0.4244
0.80833 0.4244
0.80992 0.4244
0.8115 0.44468
0.81309 0.44591
0.81467 0.44653
0.81626 0.44683
0.81784 0.44714
0.81943 0.44714
0.82101 0.44745
0.8226 0.44745
0.82418 0.44776
0.82577 0.44806
0.82735 0.44806
0.82894 0.44837
0.83052 0.44868
0.83211 0.44929
0.83369 0.4496
0.83528 0.45052
0.83686 0.45052
0.83845 0.45083
0.84003 0.45144
0.84162 0.45175
0.8432 0.45206
0.84479 0.45206
0.84637 0.45544
0.84795 0.45544
0.84954 0.45605
0.85112 0.45728
0.85271 0.4579
0.85429 0.45913
0.85588 0.46036
0.85746 0.46066
0.85905 0.46066
0.86063 0.46097
0.86222 0.46097
0.8638 0.46589
0.86539 0.4662
0.86697 0.46681
0.86856 0.46835
0.87014 0.46896
0.87173 0.46988
0.87331 0.46988
0.8749 0.47111
0.87648 0.47111
0.87807 0.47142
0.87965 0.47203
0.88124 0.47234
0.88282 0.4748
0.88441 0.47541
0.88599 0.47541
0.88758 0.47664
0.88916 0.47695
0.89075 0.47818
0.89233 0.47849
0.89392 0.47849
0.8955 0.4788
0.89709 0.47972
0.89867 0.48064
0.90026 0.48125
0.90184 0.48187
0.90343 0.48187
0.90501 0.48248
0.9066 0.4831
0.90818 0.48341
0.90977 0.48402
0.91135 0.48494
0.91294 0.48586
0.91452 0.4874
0.91611 0.48801
0.91769 0.48894
0.91928 0.52551
0.92086 0.52581
0.92245 0.52643
0.92403 0.52704
0.92562 0.52704
0.9272 0.52735
0.92879 0.52827
0.93037 0.52889
0.93196 0.52981
0.93354 0.52981
0.93513 0.53135
0.93671 0.53196
0.9383 0.53196
0.93988 0.53196
0.94147 0.53288
0.94305 0.53288
0.94464 0.5335
0.94622 0.53534
0.94781 0.53749
0.94939 0.5378
0.95098 0.5378
0.95256 0.53903
0.95415 0.53964
0.95573 0.54241
0.95732 0.54272
0.9589 0.54272
0.96049 0.54272
0.96207 0.54548
0.96366 0.54548
0.96524 0.5464
0.96683 0.54733
0.96841 0.54733
0.97 0.54763
0.97158 0.5547
0.97317 0.55501
0.97475 0.55624
0.97634 0.55685
0.97792 0.55839
0.97951 0.55931
0.98109 0.56208
0.98268 0.56392
0.98426 0.56484
0.98585 0.57007
0.98743 0.57099
0.98902 0.5716
0.9906 0.5716
0.99219 0.5756
0.99377 0.57652
0.99536 0.57929
0.99694 0.58205
0.99853 0.58328
1.0001 0.61616
1.0017 0.61739
1.0033 0.6177
1.0049 0.6177
1.0065 0.61924
1.008 0.61924
1.0096 0.61955
1.0112 0.61985
1.0128 0.62077
1.0144 0.6217
1.016 0.62262
1.0175 0.62262
1.0191 0.62293
1.0207 0.62323
1.0223 0.62354
1.0239 0.62508
1.0255 0.62538
1.0271 0.62569
1.0286 0.62569
1.0302 0.62661
1.0318 0.62661
1.0334 0.62661
1.035 0.62661
1.0366 0.62723
1.0382 0.62723
1.0397 0.62846
1.0413 0.63122
1.0429 0.63184
1.0445 0.63215
1.0461 0.63245
1.0477 0.63368
1.0492 0.6346
1.0508 0.63583
1.0524 0.63583
1.054 0.63737
1.0556 0.63798
1.0572 0.63952
1.0588 0.64044
1.0603 0.64136
1.0619 0.64505
1.0635 0.64536
1.0651 0.64597
1.0667 0.6469
1.0683 0.64751
1.0698 0.64843
1.0714 0.64905
1.073 0.64966
1.0746 0.65058
1.0762 0.65058
1.0778 0.65212
1.0794 0.65366
1.0809 0.65396
1.0825 0.65489
1.0841 0.65673
1.0857 0.65704
1.0873 0.65857
1.0889 0.65857
1.0905 0.65888
1.092 0.65919
1.0936 0.65919
1.0952 0.6598
1.0968 0.66226
1.0984 0.66349
1.1 0.66349
1.1015 0.66411
1.1031 0.66503
1.1047 0.66656
1.1063 0.6681
1.1079 0.66872
1.1095 0.66933
1.1111 0.66964
1.1126 0.67025
1.1142 0.67087
1.1158 0.67148
1.1174 0.6721
1.119 0.67302
1.1206 0.67363
1.1222 0.67578
1.1237 0.67609
1.1253 0.6764
1.1269 0.67824
1.1285 0.67916
1.1301 0.67947
1.1317 0.67947
1.1332 0.68009
1.1348 0.68193
1.1364 0.68254
1.138 0.68408
1.1396 0.685
1.1412 0.68654
1.1428 0.68715
1.1443 0.68838
1.1459 0.68961
1.1475 0.69115
1.1491 0.69392
1.1507 0.69422
1.1523 0.69514
1.1539 0.69545
1.1554 0.69668
1.157 0.70037
1.1586 0.7016
1.1602 0.70344
1.1618 0.70406
1.1634 0.70559
1.1649 0.70621
1.1665 0.70713
1.1681 0.70774
1.1697 0.70867
1.1713 0.70897
1.1729 0.7099
1.1745 0.71051
1.176 0.71112
1.1776 0.71328
1.1792 0.71451
1.1808 0.71543
1.1824 0.71666
1.184 0.71758
1.1856 0.71789
1.1871 0.71819
1.1887 0.72096
1.1903 0.72127
1.1919 0.72188
1.1935 0.72311
1.1951 0.72372
1.1966 0.72557
1.1982 0.72926
1.1998 0.73018
1.2014 0.73049
1.203 0.73079
1.2046 0.7311
1.2062 0.73141
1.2077 0.73233
1.2093 0.73325
1.2109 0.7354
1.2125 0.73632
1.2141 0.73694
1.2157 0.73786
1.2173 0.7397
1.2188 0.74001
1.2204 0.74155
1.222 0.74247
1.2236 0.74278
1.2252 0.74524
1.2268 0.74585
1.2283 0.74616
1.2299 0.74708
1.2315 0.74862
1.2331 0.75077
1.2347 0.752
1.2363 0.75292
1.2379 0.75353
1.2394 0.75476
1.241 0.75661
1.2426 0.75722
1.2442 0.75814
1.2458 0.75876
1.2474 0.75999
1.249 0.76152
1.2505 0.76275
1.2521 0.76583
1.2537 0.76798
1.2553 0.7689
1.2569 0.76921
1.2585 0.77013
1.26 0.77013
1.2616 0.77105
1.2632 0.77289
1.2648 0.77474
1.2664 0.77535
1.268 0.77689
1.2696 0.7775
1.2711 0.77904
1.2727 0.78089
1.2743 0.78304
1.2759 0.78365
1.2775 0.78396
1.2791 0.78457
1.2806 0.78488
1.2822 0.78642
1.2838 0.78703
1.2854 0.78703
1.287 0.78888
1.2886 0.7898
1.2902 0.7901
1.2917 0.79041
1.2933 0.79226
1.2949 0.79379
1.2965 0.79809
1.2981 0.79871
1.2997 0.8027
1.3013 0.80332
1.3028 0.80455
1.3044 0.80486
1.306 0.80516
1.3076 0.80578
1.3092 0.80608
1.3108 0.80701
1.3123 0.80731
1.3139 0.80916
1.3155 0.81039
1.3171 0.811
1.3187 0.81162
1.3203 0.81254
1.3219 0.81346
1.3234 0.81561
1.325 0.81776
1.3266 0.81899
1.3282 0.82022
1.3298 0.82145
1.3314 0.82176
1.333 0.82207
1.3345 0.82237
1.3361 0.8236
1.3377 0.82452
1.3393 0.82575
1.3409 0.82667
1.3425 0.8276
1.344 0.82821
1.3456 0.82913
1.3472 0.83036
1.3488 0.8319
1.3504 0.83251
1.352 0.83589
1.3536 0.83651
1.3551 0.83712
1.3567 0.83805
1.3583 0.83835
1.3599 0.83958
1.3615 0.84235
1.3631 0.84266
1.3647 0.84296
1.3662 0.84327
1.3678 0.84511
1.3694 0.84604
1.371 0.84972
1.3726 0.85095
1.3742 0.85157
1.3757 0.8531
1.3773 0.85433
1.3789 0.85741
1.3805 0.85894
1.3821 0.85925
1.3837 0.86079
1.3853 0.86294
1.3868 0.86417
1.3884 0.8654
1.39 0.86632
1.3916 0.86847
1.3932 0.87093
1.3948 0.87154
1.3964 0.87277
1.3979 0.87369
1.3995 0.87462
1.4011 0.87554
1.4027 0.87769
1.4043 0.87861
1.4059 0.88353
1.4074 0.88445
1.409 0.88568
1.4106 0.88691
1.4122 0.88783
1.4138 0.88937
1.4154 0.89152
1.417 0.89244
1.4185 0.89459
1.4201 0.89613
1.4217 0.89644
1.4233 0.89797
1.4249 0.8992
1.4265 0.89982
1.4281 0.90074
1.4296 0.90258
1.4312 0.90289
1.4328 0.90443
1.4344 0.90504
1.436 0.90842
1.4376 0.90934
1.4391 0.90996
1.4407 0.90996
1.4423 0.91026
1.4439 0.91088
1.4455 0.91211
1.4471 0.91272
1.4487 0.91334
1.4502 0.91672
1.4518 0.91764
1.4534 0.91856
1.455 0.91918
1.4566 0.92071
1.4582 0.92163
1.4598 0.9284
1.4613 0.93085
1.4629 0.93208
1.4645 0.93301
1.4661 0.93362
1.4677 0.93485
1.4693 0.93516
1.4708 0.93577
1.4724 0.93608
1.474 0.937
1.4756 0.93884
1.4772 0.94007
1.4788 0.94069
1.4804 0.94192
1.4819 0.94284
1.4835 0.94315
1.4851 0.94438
1.4867 0.94561
1.4883 0.94561
1.4899 0.94591
1.4914 0.94714
1.493 0.94837
1.4946 0.94837
1.4962 0.95083
1.4978 0.95144
1.4994 0.95237
1.501 0.95759
1.5025 0.95882
1.5041 0.95882
1.5057 0.95913
1.5073 0.95974
1.5089 0.96036
1.5105 0.96281
1.5121 0.96281
1.5136 0.96343
1.5152 0.96466
1.5168 0.96527
1.5184 0.96558
1.52 0.9662
1.5216 0.9665
1.5231 0.96958
1.5247 0.9705
1.5263 0.97111
1.5279 0.97142
1.5295 0.97265
1.5311 0.97849
1.5327 0.97849
1.5342 0.97849
1.5358 0.9788
1.5374 0.9788
1.539 0.97941
1.5406 0.98064
1.5422 0.98095
1.5438 0.98125
1.5453 0.98125
1.5469 0.98187
1.5485 0.98187
1.5501 0.98248
1.5517 0.98279
1.5533 0.9831
1.5548 0.98402
1.5564 0.98433
1.558 0.98494
1.5596 0.98525
1.5612 0.98648
1.5628 0.98832
1.5644 0.98832
1.5659 0.99017
1.5675 0.99017
1.5691 0.99017
1.5707 0.99017
1.5723 0.99262
1.5739 0.99324
1.5755 0.99355
1.577 0.99355
1.5786 0.99385
1.5802 0.99508
1.5818 0.99539
1.5834 0.99631
1.585 1
