pageview/实际CCDF/拟合直线CCDF
1 0.93469 13.45
2 0.88968 7.4062
3 0.85099 5.2242
4 0.82409 4.0782
5 0.7972 3.3655
6 0.77552 2.8767
7 0.75192 2.5192
8 0.73106 2.2457
9 0.7146 2.0291
10 0.70417 1.8532
11 0.69018 1.7072
12 0.67838 1.584
13 0.66164 1.4786
14 0.64956 1.3872
15 0.63886 1.3072
16 0.62431 1.2366
17 0.61389 1.1737
18 0.60291 1.1173
19 0.59468 1.0665
20 0.58809 1.0205
21 0.57711 0.97849
22 0.56888 0.94008
23 0.55873 0.90479
24 0.55132 0.87224
25 0.54363 0.84212
26 0.53595 0.81417
27 0.5247 0.78814
28 0.52031 0.76385
29 0.514 0.74112
30 0.50604 0.71981
31 0.49808 0.69977
32 0.4893 0.68091
33 0.48216 0.66311
34 0.4742 0.64629
35 0.46872 0.63036
36 0.46432 0.61526
37 0.45499 0.60092
38 0.44896 0.58728
39 0.44484 0.57429
40 0.4388 0.56191
41 0.43332 0.5501
42 0.42975 0.5388
43 0.42673 0.528
44 0.42124 0.51765
45 0.41548 0.50773
46 0.40944 0.49822
47 0.4045 0.48908
48 0.39929 0.4803
49 0.39544 0.47185
50 0.39215 0.46371
51 0.38913 0.45588
52 0.38639 0.44832
53 0.3809 0.44103
54 0.37706 0.43399
55 0.37294 0.42719
56 0.36937 0.42061
57 0.36526 0.41425
58 0.36251 0.4081
59 0.3584 0.40214
60 0.3551 0.39636
61 0.35291 0.39076
62 0.34989 0.38533
63 0.34468 0.38006
64 0.34303 0.37494
65 0.33919 0.36997
66 0.33535 0.36514
67 0.33233 0.36044
68 0.32821 0.35588
69 0.32464 0.35143
70 0.32108 0.34711
71 0.32025 0.34289
72 0.31668 0.33879
73 0.31586 0.33479
74 0.31394 0.33089
75 0.309 0.32709
76 0.30543 0.32338
77 0.30159 0.31977
78 0.29857 0.31623
79 0.29665 0.31278
80 0.29473 0.30942
81 0.29254 0.30612
82 0.28979 0.30291
83 0.28814 0.29976
84 0.28622 0.29669
85 0.28485 0.29368
86 0.28321 0.29074
87 0.28183 0.28786
88 0.28019 0.28504
89 0.27909 0.28228
90 0.27689 0.27958
91 0.27497 0.27694
92 0.27278 0.27434
93 0.26976 0.2718
94 0.26784 0.26931
95 0.26537 0.26687
96 0.26372 0.26447
97 0.26125 0.26213
98 0.25796 0.25982
99 0.25631 0.25756
100 0.25302 0.25534
101 0.25137 0.25316
102 0.24726 0.25103
103 0.24479 0.24893
104 0.24341 0.24687
105 0.24149 0.24484
106 0.2393 0.24285
107 0.23683 0.2409
108 0.23573 0.23897
109 0.23408 0.23709
110 0.23216 0.23523
111 0.23052 0.2334
112 0.22832 0.23161
113 0.22667 0.22984
114 0.22393 0.22811
115 0.22338 0.2264
116 0.22091 0.22472
117 0.21899 0.22306
118 0.21762 0.22143
119 0.21625 0.21983
120 0.21432 0.21825
121 0.21323 0.2167
122 0.21131 0.21517
123 0.21048 0.21366
124 0.20966 0.21218
125 0.20884 0.21072
126 0.20774 0.20928
127 0.20719 0.20786
128 0.20609 0.20646
129 0.20445 0.20508
130 0.2028 0.20372
131 0.2006 0.20238
132 0.19978 0.20106
133 0.19923 0.19976
134 0.19896 0.19848
135 0.19786 0.19721
136 0.19594 0.19596
137 0.19374 0.19473
138 0.19182 0.19351
139 0.19127 0.19232
140 0.19072 0.19113
141 0.1899 0.18997
142 0.18908 0.18881
143 0.18825 0.18768
144 0.18743 0.18655
145 0.18688 0.18545
146 0.18524 0.18435
147 0.18496 0.18327
148 0.18414 0.18221
149 0.18332 0.18115
150 0.18249 0.18011
151 0.18139 0.17908
152 0.1803 0.17807
153 0.18002 0.17707
154 0.1792 0.17608
155 0.17865 0.1751
156 0.17728 0.17413
157 0.17618 0.17318
158 0.17563 0.17223
159 0.17453 0.1713
160 0.17344 0.17038
161 0.17206 0.16947
162 0.17124 0.16857
163 0.17097 0.16768
164 0.16987 0.1668
165 0.16822 0.16593
166 0.16712 0.16506
167 0.16575 0.16421
168 0.16548 0.16337
169 0.16411 0.16254
170 0.16328 0.16172
171 0.16246 0.1609
172 0.16191 0.1601
173 0.16081 0.1593
174 0.16026 0.15851
175 0.15944 0.15773
176 0.15807 0.15696
177 0.15752 0.15619
178 0.1567 0.15544
179 0.15587 0.15469
180 0.1556 0.15395
181 0.15532 0.15322
182 0.1545 0.15249
183 0.15423 0.15178
184 0.1534 0.15107
185 0.15285 0.15036
186 0.15203 0.14967
187 0.15148 0.14898
188 0.14956 0.1483
189 0.14901 0.14762
190 0.14846 0.14695
191 0.14819 0.14629
192 0.14599 0.14563
193 0.14544 0.14498
194 0.14462 0.14434
195 0.14407 0.1437
196 0.14352 0.14307
197 0.1427 0.14244
198 0.14243 0.14183
199 0.14133 0.14121
201 0.13996 0.14
202 0.13941 0.1394
203 0.13913 0.13881
204 0.13886 0.13823
205 0.13831 0.13765
206 0.13776 0.13707
207 0.13721 0.1365
208 0.13694 0.13594
209 0.13666 0.13538
210 0.13611 0.13482
211 0.13557 0.13427
213 0.13529 0.13318
215 0.13447 0.13212
218 0.13392 0.13055
219 0.13337 0.13004
220 0.13282 0.12953
223 0.132 0.12803
224 0.13117 0.12753
225 0.1309 0.12705
226 0.13008 0.12656
227 0.12953 0.12608
228 0.1287 0.12561
229 0.12816 0.12513
230 0.12761 0.12467
232 0.12733 0.12374
234 0.12596 0.12283
235 0.12569 0.12238
236 0.12459 0.12193
237 0.12404 0.12149
238 0.12294 0.12105
239 0.12239 0.12061
240 0.12212 0.12018
243 0.12184 0.1189
244 0.12157 0.11848
245 0.1213 0.11807
246 0.12047 0.11765
247 0.11965 0.11724
248 0.1191 0.11684
250 0.11828 0.11603
251 0.118 0.11563
252 0.11718 0.11524
253 0.11663 0.11485
254 0.11636 0.11446
255 0.11608 0.11407
256 0.11553 0.11369
257 0.11498 0.11331
258 0.11443 0.11293
259 0.11361 0.11255
261 0.11306 0.11181
262 0.11251 0.11144
263 0.11196 0.11108
264 0.11142 0.11071
265 0.11114 0.11036
267 0.11059 0.10964
268 0.11032 0.10929
269 0.11004 0.10894
270 0.10977 0.10859
271 0.1095 0.10825
272 0.10895 0.10791
273 0.1084 0.10757
274 0.10812 0.10723
275 0.10785 0.10689
276 0.10757 0.10656
277 0.1073 0.10623
278 0.10675 0.1059
279 0.10648 0.10557
281 0.10593 0.10492
282 0.1051 0.1046
283 0.10483 0.10429
285 0.10456 0.10366
286 0.10318 0.10334
287 0.10236 0.10303
288 0.10209 0.10273
289 0.10154 0.10242
290 0.10126 0.10212
291 0.10099 0.10181
294 0.10071 0.10092
295 0.09989 0.10062
298 0.098793 0.099751
299 0.098518 0.099464
300 0.097695 0.099178
303 0.096872 0.098332
304 0.096048 0.098054
305 0.095225 0.097777
307 0.094951 0.097228
308 0.094402 0.096957
309 0.094127 0.096687
310 0.093578 0.096418
312 0.093304 0.095886
313 0.09303 0.095622
314 0.092206 0.09536
316 0.091932 0.09484
318 0.091658 0.094326
321 0.091383 0.093567
322 0.091109 0.093317
323 0.090834 0.093068
325 0.09056 0.092575
326 0.090285 0.09233
327 0.089462 0.092087
331 0.089188 0.091129
333 0.088639 0.090657
336 0.08809 0.08996
340 0.087816 0.089048
341 0.087541 0.088823
343 0.087267 0.088377
348 0.086718 0.087283
351 0.086443 0.086641
352 0.086169 0.086429
353 0.08562 0.086218
360 0.085071 0.084773
361 0.084248 0.084571
364 0.083699 0.08397
366 0.08315 0.083575
367 0.081778 0.083379
368 0.081504 0.083184
369 0.080955 0.08299
375 0.080681 0.081846
376 0.080406 0.081658
382 0.079857 0.080553
384 0.079308 0.080192
387 0.079034 0.079656
388 0.07876 0.07948
390 0.078211 0.079129
393 0.077936 0.078608
395 0.077662 0.078266
398 0.077387 0.077758
403 0.077113 0.076926
412 0.076839 0.075478
413 0.076564 0.07532
414 0.07629 0.075164
417 0.076015 0.074698
419 0.075741 0.074391
420 0.075467 0.074239
426 0.074643 0.073338
429 0.074094 0.072896
432 0.07382 0.07246
433 0.072997 0.072316
436 0.072722 0.071887
439 0.072448 0.071464
450 0.072173 0.069958
451 0.071625 0.069824
452 0.07135 0.069691
454 0.070527 0.069427
455 0.070252 0.069296
456 0.069704 0.069165
458 0.069429 0.068905
461 0.069155 0.068519
463 0.06888 0.068264
465 0.068332 0.068011
471 0.068057 0.067264
472 0.067508 0.067142
474 0.067234 0.066898
475 0.066959 0.066777
476 0.066685 0.066656
478 0.066411 0.066416
479 0.065862 0.066296
480 0.065313 0.066177
491 0.064764 0.064899
495 0.06449 0.064448
496 0.064215 0.064336
497 0.063941 0.064224
501 0.063666 0.063783
503 0.063392 0.063564
504 0.063117 0.063456
518 0.062569 0.061977
522 0.062294 0.061567
524 0.06202 0.061365
525 0.061745 0.061265
526 0.061471 0.061164
528 0.061196 0.060965
530 0.060922 0.060767
535 0.060648 0.060278
539 0.060373 0.059892
542 0.060099 0.059607
548 0.059824 0.059045
550 0.059276 0.05886
551 0.059001 0.058768
556 0.058727 0.058313
562 0.058452 0.057776
564 0.058178 0.0576
569 0.057903 0.057164
571 0.057629 0.056991
573 0.057355 0.05682
581 0.05708 0.056146
586 0.056531 0.055733
592 0.056257 0.055247
596 0.055982 0.054928
599 0.055708 0.054691
601 0.055434 0.054534
603 0.054885 0.054378
604 0.05461 0.054301
608 0.054061 0.053993
609 0.053787 0.053917
610 0.053513 0.053841
616 0.053238 0.053389
617 0.052964 0.053314
619 0.052689 0.053166
623 0.052415 0.052872
624 0.052141 0.052799
629 0.051866 0.052438
633 0.051592 0.052152
639 0.051317 0.051731
640 0.051043 0.051661
641 0.050768 0.051592
651 0.05022 0.050909
655 0.049945 0.050641
658 0.049671 0.050442
663 0.049396 0.050115
664 0.049122 0.05005
665 0.048847 0.049985
667 0.048299 0.049856
670 0.048024 0.049663
671 0.04775 0.0496
676 0.047475 0.049284
677 0.047201 0.049221
682 0.046926 0.04891
690 0.046652 0.048422
692 0.046378 0.048301
698 0.046103 0.047944
699 0.045829 0.047885
703 0.045554 0.04765
705 0.045005 0.047534
707 0.044731 0.047418
712 0.044457 0.047131
732 0.044182 0.04602
746 0.043908 0.045276
748 0.043633 0.045172
751 0.043359 0.045016
760 0.043085 0.044557
765 0.042536 0.044306
770 0.042261 0.044059
779 0.041987 0.04362
782 0.041712 0.043476
788 0.041438 0.043191
795 0.041164 0.042863
823 0.040889 0.041605
829 0.040615 0.041346
845 0.040066 0.040671
849 0.039791 0.040506
852 0.039517 0.040383
857 0.039243 0.04018
869 0.038968 0.039702
874 0.038694 0.039507
888 0.038419 0.03897
890 0.038145 0.038894
900 0.03787 0.038522
904 0.037596 0.038375
917 0.037047 0.037907
940 0.036773 0.037107
941 0.036498 0.037073
946 0.036224 0.036904
949 0.03595 0.036804
955 0.035675 0.036605
958 0.035401 0.036506
968 0.035126 0.036181
980 0.034852 0.035799
999 0.034577 0.035212
1004 0.034303 0.035061
1023 0.034029 0.0345
1024 0.033754 0.034471
1030 0.03348 0.034298
1032 0.033205 0.034241
1035 0.032656 0.034156
1056 0.032382 0.03357
1062 0.032108 0.033407
1067 0.031833 0.033272
1068 0.031559 0.033245
1078 0.031284 0.032979
1093 0.03101 0.03259
1104 0.030735 0.03231
1108 0.030461 0.032209
1116 0.030187 0.032011
1127 0.029912 0.031741
1140 0.029638 0.03143
1149 0.029363 0.031218
1155 0.029089 0.031078
1161 0.028814 0.03094
1166 0.02854 0.030825
1167 0.028266 0.030803
1184 0.027991 0.030422
1189 0.027717 0.030311
1196 0.027442 0.030159
1232 0.027168 0.029398
1238 0.026894 0.029276
1281 0.026619 0.028428
1294 0.026345 0.028182
1308 0.02607 0.027922
1309 0.025796 0.027904
1334 0.025521 0.027453
1342 0.025247 0.027312
1375 0.024973 0.026747
1416 0.024698 0.026079
1422 0.024424 0.025984
1542 0.024149 0.024234
1582 0.023875 0.023705
1591 0.0236 0.02359
1601 0.023326 0.023463
1620 0.023052 0.023226
1633 0.022777 0.023067
1634 0.022503 0.023054
1671 0.022228 0.022614
1676 0.021954 0.022556
1686 0.021679 0.022441
1692 0.021405 0.022373
1696 0.021131 0.022327
1714 0.020856 0.022125
1747 0.020582 0.021765
1892 0.020307 0.020321
1993 0.019759 0.019432
2000 0.019484 0.019373
2012 0.01921 0.019273
2040 0.018935 0.019046
2078 0.018661 0.018745
2095 0.018386 0.018614
2116 0.018112 0.018455
2117 0.017838 0.018448
2135 0.017563 0.018314
2177 0.017289 0.018009
2185 0.017014 0.017952
2202 0.01674 0.017833
2248 0.016465 0.017518
2326 0.016191 0.017012
2395 0.015917 0.016589
2400 0.015642 0.016559
2424 0.015368 0.016418
2436 0.015093 0.016348
2469 0.014819 0.01616
2507 0.014544 0.015949
2635 0.01427 0.01528
2652 0.013996 0.015195
2674 0.013721 0.015088
2697 0.013447 0.014977
2913 0.013172 0.014016
2973 0.012898 0.013772
3096 0.012623 0.0133
3131 0.012349 0.013172
3132 0.012075 0.013168
3200 0.0118 0.012927
3573 0.011526 0.011756
3696 0.011251 0.011419
3737 0.010977 0.011311
3741 0.010703 0.0113
3849 0.010428 0.011027
3881 0.010154 0.010949
4027 0.0098793 0.010606
4187 0.0096048 0.010256
4321 0.0093304 0.0099819
4494 0.009056 0.0096502
4533 0.0087816 0.0095787
4556 0.0085071 0.009537
4644 0.0082327 0.0093813
4777 0.0079583 0.009156
4832 0.0076839 0.0090662
4972 0.0074094 0.008846
5083 0.007135 0.0086795
5137 0.0068606 0.0086009
5437 0.0065862 0.0081908
5487 0.0063117 0.0081265
5767 0.0060373 0.0077857
5919 0.0057629 0.0076133
5956 0.0054885 0.0075725
6229 0.0052141 0.007286
6633 0.0049396 0.0069023
7018 0.0046652 0.0065751
7408 0.0043908 0.006276
7660 0.0041164 0.0060979
7978 0.0038419 0.0058881
8006 0.0035675 0.0058703
9189 0.0032931 0.0052136
9223 0.0030187 0.0051971
9541 0.0027442 0.0050476
9612 0.0024698 0.0050155
9807 0.0021954 0.0049296
10559 0.001921 0.0046258
10743 0.0016465 0.0045575
10928 0.0013721 0.004491
11869 0.0010977 0.0041828
19009 0.00082327 0.0027887
19242 0.00054885 0.0027596
19307 0.00027442 0.0027516
19392 0 0.0027412
