2014-10-01	592 7426 13574
2014-10-02	473 7745 14539
2014-10-03	544 8163 15829
2014-10-04	564 7435 16241
2014-10-05	561 7627 13766
2014-10-06	600 8242 15031
2014-10-07	558 7009 12515
2014-10-08	687 8186 14842
2014-10-09	701 8302 15563
2014-10-10	505 6912 13087
2014-10-11	598 7325 13958
2014-10-12	605 10236 22265
2014-10-13	419 6683 12653
2014-10-14	633 8562 17788
2014-10-15	723 8887 19258
2014-10-16	700 7413 14634
2014-10-17	707 8566 17942
2014-11-01	757 9432 18941
2014-11-02	747 9788 20244
2014-11-03	757 7612 15299
2014-11-04	798 7938 19113
2014-11-05	746 7999 17002
2014-11-06	769 8335 18073
2014-11-07	896 8142 17750
2014-11-08	817 8693 20312
2014-11-09	751 7801 14361
2014-11-10	764 6542 11931
2014-11-11	725 6073 30914
2014-11-12	835 9276 28694
2014-11-13	775 7399 38569
2014-11-14	769 8239 28034
2014-11-15	740 9399 31522
2014-11-16	755 9844 28427
2014-11-17	809 9120 26615
2014-11-18	753 8570 23535
2014-11-19	734 7243 20261
2014-11-20	652 8319 22360
2014-11-21	687 9647 30279
2014-11-22	721 9093 26944
2014-11-23	677 10221 30568
2014-11-24	825 10359 26164
2014-11-25	771 9442 24695
2014-11-26	773 8567 27171
2014-11-27	748 9912 32167
2014-11-28	768 9020 26660
2014-11-29	711 8979 25665
2014-11-30	726 11483 31326
2014-12-01	673 6519 15548
2014-12-02	707 6052 16013
2014-12-03	704 6729 15633
2014-12-04	770 6524 16812
2014-12-05	745 7515 24056
2014-12-06	636 6114 20152
2014-12-07	589 6550 18139
2014-12-08	668 5971 14953
2014-12-09	595 6335 13049
2014-12-10	675 6286 12779
2014-12-11	639 6281 15577
2014-12-12	636 5996 16392
2014-12-13	619 5975 15071
2014-12-14	600 6826 13619
2014-12-15	676 6624 16210
2014-12-16	718 8147 24314
2014-12-17	715 6446 17157
2014-12-18	701 7806 21313
2014-12-19	761 7238 19604
2014-12-20	645 6342 18280
2014-12-21	570 6646 17277
2014-12-22	663 5868 15260
2014-12-23	653 5818 15396
2014-12-24	701 6163 15455
2014-12-25	690 5296 12321
2014-12-26	799 6606 18217
2014-12-27	641 6031 16486
2014-12-28	557 6356 16370
2014-12-29	658 8579 27137
2014-12-30	792 6859 16414
2014-12-31	783 6922 18336
